-0.525731112 0.850650808 0.000000000
0.525731112 0.850650808 0.000000000
-0.525731112 -0.850650808 0.000000000
0.525731112 -0.850650808 0.000000000
0.000000000 -0.525731112 0.850650808
0.000000000 0.525731112 0.850650808
0.000000000 -0.525731112 -0.850650808
0.000000000 0.525731112 -0.850650808
0.850650808 0.000000000 -0.525731112
0.850650808 0.000000000 0.525731112
-0.850650808 0.000000000 -0.525731112
-0.850650808 0.000000000 0.525731112
-0.809016994 0.500000000 0.309016994
-0.500000000 0.309016994 0.809016994
-0.309016994 0.809016994 0.500000000
0.309016994 0.809016994 0.500000000
0.000000000 1.000000000 0.000000000
0.309016994 0.809016994 -0.500000000
-0.309016994 0.809016994 -0.500000000
-0.500000000 0.309016994 -0.809016994
-0.809016994 0.500000000 -0.309016994
-1.000000000 0.000000000 0.000000000
0.500000000 0.309016994 0.809016994
0.809016994 0.500000000 0.309016994
-0.500000000 -0.309016994 0.809016994
0.000000000 0.000000000 1.000000000
-0.809016994 -0.500000000 -0.309016994
-0.809016994 -0.500000000 0.309016994
0.000000000 0.000000000 -1.000000000
-0.500000000 -0.309016994 -0.809016994
0.809016994 0.500000000 -0.309016994
0.500000000 0.309016994 -0.809016994
0.809016994 -0.500000000 0.309016994
0.500000000 -0.309016994 0.809016994
0.309016994 -0.809016994 0.500000000
-0.309016994 -0.809016994 0.500000000
0.000000000 -1.000000000 0.000000000
-0.309016994 -0.809016994 -0.500000000
0.309016994 -0.809016994 -0.500000000
0.500000000 -0.309016994 -0.809016994
0.809016994 -0.500000000 -0.309016994
1.000000000 0.000000000 0.000000000
-0.693780478 0.702046445 0.160622036
-0.587785252 0.688190960 0.425325404
-0.433888565 0.862668480 0.259891913
-0.702046445 0.160622036 0.693780478
-0.688190960 0.425325404 0.587785252
-0.862668480 0.259891913 0.433888565
-0.160622036 0.693780478 0.702046445
-0.425325404 0.587785252 0.688190960
-0.259891913 0.433888565 0.862668480
-0.162459848 0.951056516 0.262865556
-0.273266529 0.961938358 0.000000000
0.160622036 0.693780478 0.702046445
0.000000000 0.850650808 0.525731112
0.273266529 0.961938358 0.000000000
0.162459848 0.951056516 0.262865556
0.433888565 0.862668480 0.259891913
-0.162459848 0.951056516 -0.262865556
-0.433888565 0.862668480 -0.259891913
0.433888565 0.862668480 -0.259891913
0.162459848 0.951056516 -0.262865556
-0.160622036 0.693780478 -0.702046445
0.000000000 0.850650808 -0.525731112
0.160622036 0.693780478 -0.702046445
-0.587785252 0.688190960 -0.425325404
-0.693780478 0.702046445 -0.160622036
-0.259891913 0.433888565 -0.862668480
-0.425325404 0.587785252 -0.688190960
-0.862668480 0.259891913 -0.433888565
-0.688190960 0.425325404 -0.587785252
-0.702046445 0.160622036 -0.693780478
-0.850650808 0.525731112 0.000000000
-0.961938358 0.000000000 -0.273266529
-0.951056516 0.262865556 -0.162459848
-0.951056516 0.262865556 0.162459848
-0.961938358 0.000000000 0.273266529
0.587785252 0.688190960 0.425325404
0.693780478 0.702046445 0.160622036
0.259891913 0.433888565 0.862668480
0.425325404 0.587785252 0.688190960
0.862668480 0.259891913 0.433888565
0.688190960 0.425325404 0.587785252
0.702046445 0.160622036 0.693780478
-0.262865556 0.162459848 0.951056516
0.000000000 0.273266529 0.961938358
-0.702046445 -0.160622036 0.693780478
-0.525731112 0.000000000 0.850650808
0.000000000 -0.273266529 0.961938358
-0.262865556 -0.162459848 0.951056516
-0.259891913 -0.433888565 0.862668480
-0.951056516 -0.262865556 0.162459848
-0.862668480 -0.259891913 0.433888565
-0.862668480 -0.259891913 -0.433888565
-0.951056516 -0.262865556 -0.162459848
-0.693780478 -0.702046445 0.160622036
-0.850650808 -0.525731112 0.000000000
-0.693780478 -0.702046445 -0.160622036
-0.525731112 0.000000000 -0.850650808
-0.702046445 -0.160622036 -0.693780478
0.000000000 0.273266529 -0.961938358
-0.262865556 0.162459848 -0.951056516
-0.259891913 -0.433888565 -0.862668480
-0.262865556 -0.162459848 -0.951056516
0.000000000 -0.273266529 -0.961938358
0.425325404 0.587785252 -0.688190960
0.259891913 0.433888565 -0.862668480
0.693780478 0.702046445 -0.160622036
0.587785252 0.688190960 -0.425325404
0.702046445 0.160622036 -0.693780478
0.688190960 0.425325404 -0.587785252
0.862668480 0.259891913 -0.433888565
0.693780478 -0.702046445 0.160622036
0.587785252 -0.688190960 0.425325404
0.433888565 -0.862668480 0.259891913
0.702046445 -0.160622036 0.693780478
0.688190960 -0.425325404 0.587785252
0.862668480 -0.259891913 0.433888565
0.160622036 -0.693780478 0.702046445
0.425325404 -0.587785252 0.688190960
0.259891913 -0.433888565 0.862668480
0.162459848 -0.951056516 0.262865556
0.273266529 -0.961938358 0.000000000
-0.160622036 -0.693780478 0.702046445
0.000000000 -0.850650808 0.525731112
-0.273266529 -0.961938358 0.000000000
-0.162459848 -0.951056516 0.262865556
-0.433888565 -0.862668480 0.259891913
0.162459848 -0.951056516 -0.262865556
0.433888565 -0.862668480 -0.259891913
-0.433888565 -0.862668480 -0.259891913
-0.162459848 -0.951056516 -0.262865556
0.160622036 -0.693780478 -0.702046445
0.000000000 -0.850650808 -0.525731112
-0.160622036 -0.693780478 -0.702046445
0.587785252 -0.688190960 -0.425325404
0.693780478 -0.702046445 -0.160622036
0.259891913 -0.433888565 -0.862668480
0.425325404 -0.587785252 -0.688190960
0.862668480 -0.259891913 -0.433888565
0.688190960 -0.425325404 -0.587785252
0.702046445 -0.160622036 -0.693780478
0.850650808 -0.525731112 0.000000000
0.961938358 0.000000000 -0.273266529
0.951056516 -0.262865556 -0.162459848
0.951056516 -0.262865556 0.162459848
0.961938358 0.000000000 0.273266529
0.262865556 -0.162459848 0.951056516
0.525731112 0.000000000 0.850650808
0.262865556 0.162459848 0.951056516
-0.587785252 -0.688190960 0.425325404
-0.425325404 -0.587785252 0.688190960
-0.688190960 -0.425325404 0.587785252
-0.425325404 -0.587785252 -0.688190960
-0.587785252 -0.688190960 -0.425325404
-0.688190960 -0.425325404 -0.587785252
0.525731112 0.000000000 -0.850650808
0.262865556 -0.162459848 -0.951056516
0.262865556 0.162459848 -0.951056516
0.951056516 0.262865556 0.162459848
0.951056516 0.262865556 -0.162459848
0.850650808 0.525731112 0.000000000
