-2.102924448 3.402603233 0.000000000
2.102924448 3.402603233 0.000000000
-2.102924448 -3.402603233 0.000000000
2.102924448 -3.402603233 0.000000000
0.000000000 -2.102924448 3.402603233
0.000000000 2.102924448 3.402603233
0.000000000 -2.102924448 -3.402603233
0.000000000 2.102924448 -3.402603233
3.402603233 0.000000000 -2.102924448
3.402603233 0.000000000 2.102924448
-3.402603233 0.000000000 -2.102924448
-3.402603233 0.000000000 2.102924448
-3.236067977 2.000000000 1.236067977
-2.000000000 1.236067977 3.236067977
-1.236067977 3.236067977 2.000000000
1.236067977 3.236067977 2.000000000
0.000000000 4.000000000 0.000000000
1.236067977 3.236067977 -2.000000000
-1.236067977 3.236067977 -2.000000000
-2.000000000 1.236067977 -3.236067977
-3.236067977 2.000000000 -1.236067977
-4.000000000 0.000000000 0.000000000
2.000000000 1.236067977 3.236067977
3.236067977 2.000000000 1.236067977
-2.000000000 -1.236067977 3.236067977
0.000000000 0.000000000 4.000000000
-3.236067977 -2.000000000 -1.236067977
-3.236067977 -2.000000000 1.236067977
0.000000000 0.000000000 -4.000000000
-2.000000000 -1.236067977 -3.236067977
3.236067977 2.000000000 -1.236067977
2.000000000 1.236067977 -3.236067977
3.236067977 -2.000000000 1.236067977
2.000000000 -1.236067977 3.236067977
1.236067977 -3.236067977 2.000000000
-1.236067977 -3.236067977 2.000000000
0.000000000 -4.000000000 0.000000000
-1.236067977 -3.236067977 -2.000000000
1.236067977 -3.236067977 -2.000000000
2.000000000 -1.236067977 -3.236067977
3.236067977 -2.000000000 -1.236067977
4.000000000 0.000000000 0.000000000
-2.775121910 2.808185779 0.642488143
-2.351141009 2.752763841 1.701301617
-1.735554258 3.450673922 1.039567652
-2.808185779 0.642488143 2.775121910
-2.752763841 1.701301617 2.351141009
-3.450673922 1.039567652 1.735554258
-0.642488143 2.775121910 2.808185779
-1.701301617 2.351141009 2.752763841
-1.039567652 1.735554258 3.450673922
-0.649839392 3.804226065 1.051462224
-1.093066116 3.847753431 0.000000000
0.642488143 2.775121910 2.808185779
0.000000000 3.402603233 2.102924448
1.093066116 3.847753431 0.000000000
0.649839392 3.804226065 1.051462224
1.735554258 3.450673922 1.039567652
-0.649839392 3.804226065 -1.051462224
-1.735554258 3.450673922 -1.039567652
1.735554258 3.450673922 -1.039567652
0.649839392 3.804226065 -1.051462224
-0.642488143 2.775121910 -2.808185779
0.000000000 3.402603233 -2.102924448
0.642488143 2.775121910 -2.808185779
-2.351141009 2.752763841 -1.701301617
-2.775121910 2.808185779 -0.642488143
-1.039567652 1.735554258 -3.450673922
-1.701301617 2.351141009 -2.752763841
-3.450673922 1.039567652 -1.735554258
-2.752763841 1.701301617 -2.351141009
-2.808185779 0.642488143 -2.775121910
-3.402603233 2.102924448 0.000000000
-3.847753431 0.000000000 -1.093066116
-3.804226065 1.051462224 -0.649839392
-3.804226065 1.051462224 0.649839392
-3.847753431 0.000000000 1.093066116
2.351141009 2.752763841 1.701301617
2.775121910 2.808185779 0.642488143
1.039567652 1.735554258 3.450673922
1.701301617 2.351141009 2.752763841
3.450673922 1.039567652 1.735554258
2.752763841 1.701301617 2.351141009
2.808185779 0.642488143 2.775121910
-1.051462224 0.649839392 3.804226065
0.000000000 1.093066116 3.847753431
-2.808185779 -0.642488143 2.775121910
-2.102924448 0.000000000 3.402603233
0.000000000 -1.093066116 3.847753431
-1.051462224 -0.649839392 3.804226065
-1.039567652 -1.735554258 3.450673922
-3.804226065 -1.051462224 0.649839392
-3.450673922 -1.039567652 1.735554258
-3.450673922 -1.039567652 -1.735554258
-3.804226065 -1.051462224 -0.649839392
-2.775121910 -2.808185779 0.642488143
-3.402603233 -2.102924448 0.000000000
-2.775121910 -2.808185779 -0.642488143
-2.102924448 0.000000000 -3.402603233
-2.808185779 -0.642488143 -2.775121910
0.000000000 1.093066116 -3.847753431
-1.051462224 0.649839392 -3.804226065
-1.039567652 -1.735554258 -3.450673922
-1.051462224 -0.649839392 -3.804226065
0.000000000 -1.093066116 -3.847753431
1.701301617 2.351141009 -2.752763841
1.039567652 1.735554258 -3.450673922
2.775121910 2.808185779 -0.642488143
2.351141009 2.752763841 -1.701301617
2.808185779 0.642488143 -2.775121910
2.752763841 1.701301617 -2.351141009
3.450673922 1.039567652 -1.735554258
2.775121910 -2.808185779 0.642488143
2.351141009 -2.752763841 1.701301617
1.735554258 -3.450673922 1.039567652
2.808185779 -0.642488143 2.775121910
2.752763841 -1.701301617 2.351141009
3.450673922 -1.039567652 1.735554258
0.642488143 -2.775121910 2.808185779
1.701301617 -2.351141009 2.752763841
1.039567652 -1.735554258 3.450673922
0.649839392 -3.804226065 1.051462224
1.093066116 -3.847753431 0.000000000
-0.642488143 -2.775121910 2.808185779
0.000000000 -3.402603233 2.102924448
-1.093066116 -3.847753431 0.000000000
-0.649839392 -3.804226065 1.051462224
-1.735554258 -3.450673922 1.039567652
0.649839392 -3.804226065 -1.051462224
1.735554258 -3.450673922 -1.039567652
-1.735554258 -3.450673922 -1.039567652
-0.649839392 -3.804226065 -1.051462224
0.642488143 -2.775121910 -2.808185779
0.000000000 -3.402603233 -2.102924448
-0.642488143 -2.775121910 -2.808185779
2.351141009 -2.752763841 -1.701301617
2.775121910 -2.808185779 -0.642488143
1.039567652 -1.735554258 -3.450673922
1.701301617 -2.351141009 -2.752763841
3.450673922 -1.039567652 -1.735554258
2.752763841 -1.701301617 -2.351141009
2.808185779 -0.642488143 -2.775121910
3.402603233 -2.102924448 0.000000000
3.847753431 0.000000000 -1.093066116
3.804226065 -1.051462224 -0.649839392
3.804226065 -1.051462224 0.649839392
3.847753431 0.000000000 1.093066116
1.051462224 -0.649839392 3.804226065
2.102924448 0.000000000 3.402603233
1.051462224 0.649839392 3.804226065
-2.351141009 -2.752763841 1.701301617
-1.701301617 -2.351141009 2.752763841
-2.752763841 -1.701301617 2.351141009
-1.701301617 -2.351141009 -2.752763841
-2.351141009 -2.752763841 -1.701301617
-2.752763841 -1.701301617 -2.351141009
2.102924448 0.000000000 -3.402603233
1.051462224 -0.649839392 -3.804226065
1.051462224 0.649839392 -3.804226065
3.804226065 1.051462224 0.649839392
3.804226065 1.051462224 -0.649839392
3.402603233 2.102924448 0.000000000
